total, Cap, Caskade, Sand, Lake, Wood, Cloud, Lost, Night Metro, Day Metro, Snow, Beach, Luncheon, Ruined, Bunnies, Bowsers, Moon
[5311.222, 168.765, 225.042, 378.489, 201.519, 438.314, 108.362, 195.295, 365.27, 331.467, 362.045, 272.571, 567.712, 215.845, 468.139, 424.682, 587.705]
[5530.589, 169.04399999999998, 268.478, 426.528, 193.615, 489.459, 139.348, 245.752, 283.99, 339.937, 389.968, 254.86599999999999, 819.654, 225.699, 438.666, 365.002, 480.584]
[5278.802, 167.53199999999998, 228.666, 384.512, 241.691, 429.694, 138.20499999999998, 216.334, 358.938, 353.288, 370.096, 292.058, 611.071, 212.684, 386.787, 396.71500000000003, 490.531]
[5621.706, 170.82999999999998, 246.046, 380.915, 195.113, 452.901, 122.287, 239.918, 305.461, 330.714, 370.622, 255.557, 694.729, 321.281, 463.514, 558.694, 513.124]
[5715.608, 158.84199999999998, 262.085, 375.428, 208.637, 436.244, 123.901, 306.837, 313.335, 326.207, 356.169, 267.965, 682.669, 213.256, 444.555, 643.248, 596.232]
[5208.872, 186.032, 239.66899999999998, 376.883, 198.517, 460.659, 127.956, 217.559, 398.397, 350.624, 371.672, 241.803, 584.817, 211.067, 452.557, 368.465, 422.194]
[5011.394, 167.03, 236.493, 423.804, 200.107, 442.385, 119.307, 174.004, 291.241, 325.897, 387.967, 250.227, 666.533, 210.09199999999998, 384.471, 277.627, 454.20799999999997]
[5265.456, 169.736, 231.05599999999998, 385.629, 209.758, 445.954, 136.483, 219.913, 271.953, 347.358, 377.685, 243.74, 678.162, 211.698, 460.858, 406.358, 469.115]
[5161.824, 162.382, 216.75900000000001, 401.08299999999997, 284.899, 444.907, 110.188, 187.013, 256.459, 328.04, 353.793, 243.032, 605.68, 210.767, 377.759, 333.593, 645.471]
[4973.682, 165.39, 233.801, 422.885, 201.996, 442.444, 113.374, 170.96, 281.222, 317.74, 368.063, 285.985, 575.148, 218.726, 359.909, 366.385, 449.655]
[4915.954, 171.358, 223.95, 380.826, 200.173, 437.211, 120.258, 190.792, 240.508, 309.38, 385.399, 260.81, 573.827, 210.976, 386.336, 368.69, 455.46]
[4899.832, 158.982, 219.429, 397.567, 196.215, 437.027, 128.317, 164.516, 273.949, 341.786, 347.694, 274.972, 591.495, 212.49, 411.661, 353.217, 390.515]
[5013.633, 157.065, 227.696, 378.604, 263.888, 517.552, 122.224, 183.983, 255.718, 332.614, 419.937, 285.534, 533.343, 212.253, 419.394, 288.994, 414.83299999999997]
[4959.369, 161.18200000000002, 218.361, 395.729, 208.925, 428.201, 107.782, 164.728, 262.439, 349.983, 360.873, 257.805, 624.241, 205.872, 386.41700000000003, 309.048, 517.783]
[5144.372, 163.471, 229.253, 375.794, 206.552, 443.089, 109.265, 184.33, 311.13, 324.067, 349.329, 281.644, 535.385, 207.583, 429.584, 504.92, 488.976]
[4875.038, 158.555, 227.235, 379.381, 240.8, 444.352, 134.214, 171.149, 263.14, 338.18, 340.495, 285.227, 592.655, 214.095, 386.122, 298.733, 400.704]
[5221.239, 157.926, 234.062, 390.473, 210.87, 435.669, 106.81700000000001, 174.564, 347.801, 384.177, 360.624, 307.683, 528.243, 321.735, 470.365, 387.886, 402.342]
[4774.819, 164.401, 215.80599999999998, 406.51800000000003, 233.608, 434.595, 109.756, 177.448, 247.901, 324.256, 367.455, 260.111, 493.069, 215.16, 411.861, 307.59, 405.284]
[4784.451, 158.053, 213.1, 400.836, 206.333, 442.521, 116.039, 194.094, 276.532, 360.088, 348.476, 239.052, 496.687, 212.189, 361.105, 337.96500000000003, 421.381]
[4816.455, 160.202, 214.19, 405.928, 205.309, 427.274, 125.924, 170.602, 241.562, 331.456, 340.678, 246.63400000000001, 522.0360000000001, 205.047, 420.925, 293.051, 504.636]
[4741.438, 158.816, 215.984, 381.28, 230.119, 432.392, 108.994, 253.109, 293.866, 328.821, 363.298, 253.844, 497.907, 211.069, 335.578, 260.41, 415.95]
[4768.394, 162.40699999999998, 221.502, 366.47, 198.957, 431.905, 113.77799999999999, 218.567, 274.659, 336.121, 354.088, 288.003, 525.662, 205.382, 404.276, 264.04200000000003, 402.575]
[4970.565, 160.837, 221.69, 372.275, 210.21699999999998, 439.468, 119.46600000000001, 171.45600000000002, 283.231, 332.432, 336.536, 306.323, 573.585, 210.501, 356.467, 378.802, 497.278]
[4739.975, 157.363, 210.624, 372.551, 224.56, 492.345, 116.318, 185.302, 271.216, 371.339, 353.581, 230.625, 532.679, 209.823, 342.146, 252.178, 417.324]
[5007.39, 155.564, 237.028, 377.263, 198.035, 422.931, 108.944, 173.097, 327.862, 325.27, 380.586, 250.619, 542.833, 209.125, 374.891, 462.976, 460.366]
[4768.376, 155.398, 224.637, 361.258, 194.256, 446.815, 117.232, 220.052, 291.119, 377.514, 347.275, 265.659, 504.127, 203.788, 374.248, 288.603, 396.396]
[4727.536, 159.48, 222.899, 387.09, 212.286, 435.376, 122.583, 177.709, 230.243, 339.662, 335.79, 263.947, 518.7090000000001, 207.657, 376.466, 322.718, 414.92]
[4916.849, 156.597, 218.864, 357.032, 214.503, 415.485, 129.954, 178.325, 292.313, 329.492, 400.222, 257.867, 525.127, 213.23, 327.545, 365.542, 534.751]
[4671.01, 156.14600000000002, 229.09199999999998, 379.61, 212.846, 437.356, 117.483, 169.586, 266.892, 336.344, 336.349, 262.998, 514.135, 204.077, 363.011, 278.76800000000003, 406.318]
[4705.147, 160.427, 219.159, 362.345, 208.938, 430.192, 115.664, 172.363, 273.572, 315.75, 348.131, 263.91700000000003, 500.69, 210.653, 431.969, 280.698, 410.678]
[4632.703, 153.393, 215.098, 362.263, 225.667, 416.112, 119.275, 169.678, 285.889, 318.236, 364.859, 241.572, 512.437, 210.255, 326.723, 323.19, 388.055]
[4690.555, 155.494, 229.166, 390.814, 207.956, 424.997, 120.048, 176.452, 246.881, 345.092, 370.225, 258.608, 490.852, 206.562, 360.562, 302.992, 403.854]
[4724.403, 156.013, 226.825, 385.816, 195.44, 414.069, 107.262, 165.207, 270.425, 308.583, 335.421, 254.872, 508.184, 213.78300000000002, 401.395, 286.959, 494.148]
[4493.902, 154.94299999999998, 239.441, 368.031, 192.582, 402.68, 109.531, 168.135, 231.66899999999998, 322.429, 347.516, 231.363, 499.324, 204.386, 347.16700000000003, 287.942, 386.762]
[4574.515, 159.466, 217.201, 350.619, 193.207, 406.995, 107.251, 196.435, 339.453, 308.519, 329.909, 247.952, 489.746, 209.492, 399.497, 247.481, 371.293]
[4852.558, 154.44400000000002, 227.764, 371.608, 191.703, 430.026, 107.89699999999999, 160.867, 259.745, 358.312, 358.12, 256.317, 586.505, 323.483, 338.043, 301.451, 426.273]
[4646.395, 155.428, 215.638, 366.718, 210.269, 431.38, 125.19200000000001, 171.12, 254.214, 332.829, 372.01, 242.245, 522.323, 227.953, 328.032, 276.515, 414.529]
[4785.54, 158.223, 227.505, 359.717, 214.109, 420.694, 111.882, 166.018, 288.902, 335.345, 371.108, 274.376, 529.17, 209.365, 427.296, 266.174, 425.654]
[4635.065, 155.316, 219.725, 368.818, 200.023, 424.984, 121.647, 214.474, 227.988, 306.741, 350.693, 256.975, 489.01800000000003, 211.825, 335.346, 293.724, 457.76800000000003]
[4650.573, 158.014, 211.219, 353.791, 188.091, 430.094, 109.657, 172.59199999999998, 311.225, 377.379, 332.124, 255.151, 520.649, 208.962, 323.295, 310.965, 397.365]
[4428.177, 154.89600000000002, 208.118, 356.783, 190.5, 409.971, 114.77600000000001, 163.382, 246.461, 320.305, 341.199, 253.274, 495.409, 207.54, 331.384, 266.97, 367.209]
[4514.832, 154.88, 215.153, 359.316, 197.552, 409.21, 107.233, 172.137, 295.972, 340.389, 339.251, 235.063, 465.468, 209.252, 326.542, 295.199, 392.214]
[4760.914, 155.786, 212.362, 348.637, 190.011, 419.051, 107.111, 163.177, 325.44, 312.134, 358.857, 228.018, 567.864, 205.389, 404.226, 372.131, 390.722]
[4695.849, 152.818, 212.952, 369.003, 188.526, 404.252, 110.514, 178.34, 228.586, 312.204, 327.605, 271.486, 498.039, 210.558, 337.194, 337.859, 555.912]
[4489.188, 154.746, 215.963, 358.988, 187.21, 401.169, 128.62, 161.359, 298.585, 312.666, 348.043, 234.586, 464.411, 210.921, 342.912, 299.772, 369.237]
[4656.103, 151.11, 204.356, 386.994, 192.495, 410.839, 106.397, 158.266, 252.843, 399.412, 345.967, 235.066, 522.207, 209.442, 380.737, 276.851, 423.12]
[4546.813, 152.24, 212.148, 343.225, 189.335, 425.336, 104.647, 169.277, 257.197, 318.51, 331.876, 248.22, 482.902, 203.273, 439.854, 279.631, 389.142]
[4450.343, 152.123, 205.287, 353.203, 188.437, 398.01, 107.039, 162.282, 260.236, 307.105, 340.644, 240.615, 539.994, 201.921, 336.38, 276.465, 380.6]
[4451.579, 154.226, 209.844, 346.082, 196.514, 406.276, 107.142, 161.559, 263.39, 342.099, 336.871, 258.952, 489.191, 205.187, 323.132, 264.898, 386.214]
[4607.092, 156.122, 212.112, 362.308, 189.112, 393.414, 122.53, 167.07, 284.264, 313.562, 339.8, 228.018, 484.616, 202.143, 402.259, 327.532, 422.229]
[4379.792, 152.53, 219.136, 345.675, 197.255, 390.524, 111.71, 163.659, 221.267, 335.48, 326.331, 251.778, 471.337, 203.003, 325.343, 283.912, 380.852]
[4621.757, 152.777, 213.683, 393.043, 201.546, 407.102, 107.673, 180.716, 249.061, 324.476, 365.019, 257.108, 452.27, 204.757, 417.824, 325.528, 369.175]
[4457.836, 151.921, 212.434, 355.108, 190.938, 414.82, 105.442, 158.255, 237.718, 338.048, 339.663, 226.294, 470.361, 204.573, 352.702, 258.664, 440.895]
[4670.931, 148.742, 210.416, 359.217, 197.502, 393.954, 107.928, 242.106, 239.783, 333.233, 336.343, 223.552, 454.126, 204.662, 334.405, 480.736, 404.226]
[4491.768, 150.637, 211.838, 352.339, 187.823, 410.858, 106.627, 165.069, 221.593, 315.133, 355.04, 227.831, 535.289, 212.088, 332.484, 286.38, 420.739]
[4715.333, 166.106, 210.031, 384.524, 191.33, 454.465, 105.57, 191.129, 326.575, 331.517, 347.437, 237.959, 509.875, 217.094, 350.586, 286.727, 404.409]
[4486.379, 151.622, 209.756, 349.365, 188.632, 398.111, 107.115, 168.784, 249.17, 302.094, 336.78, 224.931, 505.224, 207.385, 337.147, 326.939, 423.324]
[4696.524, 152.64, 213.658, 345.982, 194.108, 397.788, 105.283, 157.884, 249.822, 319.242, 322.214, 242.442, 648.588, 206.858, 430.765, 266.412, 442.837]
[4519.357, 154.078, 216.941, 371.029, 187.507, 401.168, 106.688, 163.559, 247.682, 311.141, 346.163, 242.706, 479.558, 206.215, 389.929, 305.692, 389.301]
[4645.208, 153.952, 208.092, 345.602, 191.589, 404.212, 105.325, 184.194, 266.255, 330.658, 353.175, 261.905, 492.493, 205.551, 364.797, 268.629, 508.779]
[4369.598, 151.601, 216.589, 347.931, 190.42, 401.948, 115.357, 162.099, 222.317, 325.299, 327.941, 243.9, 472.541, 202.931, 321.733, 265.534, 401.458]
[4673.398, 151.008, 211.693, 350.02, 186.884, 413.497, 104.347, 184.412, 249.507, 310.694, 341.852, 231.29, 521.836, 211.285, 410.807, 271.34, 522.927]
[4431.036, 152.156, 208.313, 350.56, 186.624, 419.764, 104.068, 156.242, 223.726, 312.452, 330.748, 241.691, 514.918, 210.41, 388.99, 258.649, 371.727]
[4555.593, 152.685, 206.005, 345.212, 188.661, 397.812, 104.596, 208.155, 217.988, 336.796, 325.26, 248.06, 523.886, 203.793, 316.596, 405.973, 374.116]
[4366.335, 153.1, 209.596, 347.995, 189.636, 401.636, 103.837, 214.662, 220.244, 313.546, 329.804, 223.248, 464.184, 202.828, 337.22, 293.642, 361.158]
[4485.085, 155.849, 209.656, 385.817, 189.326, 406.684, 112.881, 161.349, 294.258, 314.589, 330.092, 225.074, 462.466, 211.162, 360.437, 259.896, 405.549]
[4372.131, 151.692, 205.779, 350.929, 186.394, 406.474, 105.418, 162.63, 219.811, 302.921, 345.829, 245.214, 482.76, 203.879, 337.084, 294.922, 370.395]
[4397.776, 149.701, 209.764, 354.978, 186.991, 407.286, 106.056, 179.129, 274.336, 312.869, 340.15, 232.122, 497.907, 204.28, 329.419, 247.821, 364.967]
[4462.454, 153.552, 208.307, 361.878, 186.593, 419.311, 104.758, 158.966, 239.041, 335.535, 325.182, 223.477, 468.393, 206.532, 400.15, 266.285, 404.492]
[4465.957, 151.854, 213.34, 349.946, 188.053, 411.017, 103.856, 178.165, 303.725, 328.563, 333.874, 256.829, 491.909, 205.058, 331.668, 256.645, 361.455]
[4321.392, 152.379, 210.27, 369.116, 188.373, 399.032, 105.817, 160.696, 250.289, 312.554, 335.139, 227.909, 453.674, 204.394, 329.78, 240.694, 381.277]
[4468.771, 151.999, 210.116, 348.497, 187.017, 404.476, 105.315, 163.732, 297.504, 315.561, 337.196, 244.861, 463.415, 210.947, 384.089, 283.954, 360.093]
[4483.222, 151.896, 203.829, 341.806, 187.708, 398.747, 104.37, 156.384, 293.954, 318.369, 337.684, 244.547, 521.657, 201.667, 343.794, 313.128, 363.682]
[4395.019, 149.705, 211.55, 352.646, 188.006, 411.406, 105.091, 162.102, 246.057, 299.094, 333.511, 251.49, 482.988, 209.197, 336.832, 269.188, 386.156]
[4793.035, 150.765, 205.935, 347.816, 187.875, 426.866, 102.613, 162.784, 225.387, 318.709, 348.963, 245.838, 514.631, 203.709, 332.615, 654.35, 364.179]
[4430.386, 153.222, 205.286, 345.854, 201.246, 394.902, 104.297, 161.31, 222.289, 303.577, 330.119, 227.952, 483.937, 202.31, 329.941, 375.445, 388.698]
[4337.052, 150.169, 205.303, 355.959, 191.747, 396.973, 104.267, 174.562, 279.97, 305.453, 335.964, 226.546, 461.784, 205.728, 336.77, 250.413, 355.444]
[4362.186, 150.986, 212.107, 350.134, 188.268, 398.807, 103.126, 159.69, 251.624, 305.499, 325.2, 225.938, 458.679, 204.152, 343.186, 291.533, 393.257]
[4445.302, 149.842, 207.512, 348.661, 190.54, 400.459, 103.511, 172.845, 238.164, 308.15, 382.076, 227.319, 469.641, 204.363, 424.202, 241.979, 376.038]
[4326.776, 151.795, 204.78, 355.688, 190.08, 396.198, 102.429, 170.576, 219.008, 304.642, 331.785, 225.689, 507.583, 209.206, 329.257, 239.387, 388.672]
[4322.981, 151.993, 203.454, 360.327, 186.121, 404.999, 103.557, 155.7, 251.476, 307.378, 332.765, 232.482, 444.698, 206.416, 320.166, 282.06, 379.39]
[4390.559, 150.056, 209.766, 348.417, 191.708, 390.972, 103.033, 160.361, 248.38, 312.202, 326.557, 233.683, 484.035, 203.277, 365.187, 291.176, 371.75]
[4316.289, 151.21, 204.682, 341.501, 186.203, 402.627, 113.281, 157.414, 252.167, 318.14, 337.638, 229.56, 475.819, 205.219, 320.817, 269.267, 351.745]
[4370.506, 151.021, 212.572, 348.317, 185.669, 415.275, 104.032, 158.276, 249.721, 305.501, 328.464, 223.672, 500.512, 203.878, 328.992, 261.866, 392.738]
[4438.651, 151.758, 209.777, 341.521, 186.379, 391.145, 106.396, 169.812, 245.098, 321.77, 371.355, 229.144, 462.096, 208.152, 322.256, 270.261, 451.731]
[4476.098, 149.569, 203.621, 343.341, 188.188, 392.51, 104.632, 179.669, 250.061, 319.641, 350.064, 226.269, 461.649, 203.151, 331.145, 347.734, 424.853]
[4294.484, 149.429, 213.062, 350.711, 189.943, 399.046, 105.704, 161.758, 224.477, 303.032, 365.867, 227.235, 445.666, 204.802, 349.356, 248.447, 355.949]
[4280.023, 149.623, 208.34, 348.457, 189.085, 395.148, 107.508, 158.713, 221.4, 314.645, 326.228, 232.249, 458.304, 201.501, 366.476, 251.168, 351.179]
[4340.951, 151.422, 204.276, 342.103, 200.363, 392.088, 102.866, 169.606, 270.876, 315.59, 328.505, 226.481, 448.36, 201.527, 328.335, 293.609, 364.942]
[4210.609, 150.912, 204.502, 348.905, 191.178, 394.67, 103.233, 160.182, 221.218, 306.895, 328.559, 223.973, 439.102, 202.91, 314.504, 254.567, 365.299]
[4366.758, 148.699, 203.128, 344.444, 193.877, 389.429, 104.456, 157.727, 246.123, 301.574, 346.222, 235.014, 477.251, 203.779, 373.584, 253.889, 387.564]
[4537.236, 148.463, 204.672, 340.311, 188.132, 400.997, 123.405, 161.462, 231.379, 302.288, 373.939, 230.607, 462.236, 203.39, 334.307, 474.87, 356.777]
[4494.957, 150.166, 207.512, 340.432, 187.233, 395.045, 105.746, 162.568, 272.553, 307.966, 339.942, 247.044, 491.604, 202.195, 331.558, 266.842, 486.551]
[4570.986, 149.572, 206.597, 349.365, 188.913, 396.216, 103.302, 153.128, 246.832, 316.692, 376.648, 258.509, 553.782, 208.353, 400.665, 273.513, 388.898]
[4260.206, 150.224, 208.133, 351.026, 190.977, 392.515, 103.207, 155.915, 216.861, 304.587, 326.851, 223.227, 448.1, 209.771, 375.73, 242.663, 360.419]
[4305.797, 154.036, 203.353, 338.122, 185.497, 390.395, 104.469, 162.073, 284.043, 307.724, 335.367, 221.38, 468.658, 201.577, 343.431, 241.006, 364.668]
[4267.278, 147.679, 208.648, 339.758, 183.861, 392.998, 104.934, 156.775, 215.518, 314.536, 336.662, 215.014, 478.288, 209.139, 344.937, 250.525, 368.005]
[4543.54, 149.148, 203.652, 337.563, 188.953, 388.963, 110.615, 176.217, 242.097, 301.708, 329.41, 227.544, 470.543, 310.174, 366.119, 391.147, 349.688]
[4285.04, 149.784, 206.867, 340.506, 186.525, 391.935, 117.524, 164.432, 222.207, 303.491, 338.966, 228.438, 463.07, 206.393, 313.647, 273.327, 377.93]
[4490.669, 148.045, 202.621, 337.625, 193.362, 415.494, 100.924, 169.075, 238.552, 305.013, 329.198, 230.065, 460.131, 204.376, 325.314, 282.632, 548.242]
[4330.49, 147.752, 204.583, 337.542, 188.995, 401.749, 100.514, 174.458, 247.145, 308.124, 346.647, 225.423, 451.744, 199.893, 321.355, 243.72, 430.847]
[4326.272, 148.961, 203.239, 338.429, 185.001, 395.978, 101.22, 156.331, 247.203, 296.058, 326.828, 228.795, 492.058, 208.923, 335.234, 261.041, 400.972]
[4293.642, 149.507, 202.959, 357.351, 192.903, 392.635, 99.416, 160.707, 224.603, 298.994, 328.314, 224.547, 454.134, 206.864, 357.583, 272.394, 370.731]
[4273.556, 148.891, 203.748, 341.309, 187.088, 389.807, 100.212, 152.582, 247.303, 294.277, 323.0, 221.516, 460.286, 202.93, 332.623, 276.14, 391.843]
[4368.121, 150.878, 204.299, 340.764, 190.968, 403.149, 107.225, 171.252, 223.619, 310.053, 350.771, 249.283, 470.095, 203.703, 334.89, 298.547, 358.625]
[4422.422, 148.278, 202.506, 340.325, 194.206, 400.429, 131.793, 185.556, 261.675, 313.88, 390.673, 225.548, 444.133, 200.373, 336.387, 251.313, 395.348]
[4525.839, 150.184, 204.901, 336.46, 185.539, 451.839, 105.174, 216.202, 278.092, 310.516, 337.286, 244.33, 495.263, 204.851, 317.544, 318.399, 369.258]
[4399.642, 150.048, 210.022, 346.554, 188.107, 400.604, 97.941, 189.328, 221.151, 314.834, 356.44, 234.918, 455.355, 205.326, 394.564, 237.529, 396.924]
[4390.675, 149.038, 201.577, 354.737, 188.23, 420.107, 116.551, 166.024, 243.421, 341.098, 337.181, 233.492, 456.633, 204.623, 350.129, 267.684, 360.151]
[4341.041, 148.638, 202.236, 332.22, 185.549, 394.27, 118.183, 158.636, 301.398, 300.385, 336.374, 219.038, 470.227, 206.599, 334.28, 245.676, 387.33]
[4412.702, 152.021, 202.084, 346.653, 186.351, 410.077, 94.246, 153.968, 252.968, 315.98, 325.971, 233.74, 490.152, 206.771, 314.314, 360.452, 366.954]
[14453.115, 151.62, 205.491, 336.626, 192.04, 430.162, 94.404, 157.129, 211.454, 300.768, 329.162, 244.378, 524.325, 410.651, 3834.473, 427.421, 6603.012]
[4212.742, 154.012, 204.249, 340.425, 191.706, 397.469, 105.106, 150.901, 245.603, 302.907, 323.975, 223.495, 442.92, 201.278, 311.43, 264.524, 352.741]
[4293.481, 150.128, 206.047, 338.895, 190.065, 392.795, 96.674, 162.989, 223.535, 316.507, 343.634, 239.329, 443.346, 207.516, 323.016, 239.256, 419.752]
[4482.662, 147.587, 201.887, 337.642, 183.242, 415.64, 118.466, 178.626, 220.437, 388.621, 355.531, 240.955, 444.373, 200.223, 325.298, 265.633, 458.501]
[4368.315, 151.683, 202.993, 346.692, 192.884, 387.634, 95.6, 153.716, 224.158, 309.083, 406.346, 237.032, 466.793, 204.264, 341.666, 255.567, 392.204]
[4374.146, 148.818, 202.667, 349.491, 184.033, 390.074, 97.705, 158.725, 217.012, 317.951, 340.703, 222.741, 479.544, 204.296, 316.595, 273.051, 470.741]
[4294.227, 148.509, 204.125, 338.426, 182.854, 391.126, 113.152, 154.523, 249.296, 303.531, 331.573, 253.055, 453.072, 203.764, 359.311, 258.139, 349.77]
[4292.272, 147.755, 203.048, 330.018, 196.835, 406.671, 113.606, 152.514, 254.711, 307.175, 322.886, 218.782, 453.092, 202.015, 374.723, 243.175, 365.265]
[4316.47, 150.035, 205.136, 341.403, 187.314, 401.358, 102.721, 156.139, 215.422, 303.394, 328.885, 215.76, 445.482, 200.864, 336.446, 261.803, 464.306]
[4254.54, 147.591, 202.265, 339.403, 185.313, 390.316, 114.197, 155.07, 244.917, 321.518, 322.293, 223.447, 439.635, 201.756, 356.5, 241.49, 368.829]
[4295.763, 147.108, 202.986, 338.373, 186.216, 385.823, 104.837, 150.547, 215.568, 311.636, 339.116, 247.118, 477.499, 203.319, 355.714, 265.504, 364.397]
[4279.311, 149.446, 208.535, 322.213, 196.936, 403.627, 95.16, 158.592, 215.88, 309.484, 325.666, 222.789, 437.438, 201.575, 331.493, 276.168, 424.307]
[4238.014, 149.479, 203.426, 340.361, 182.168, 393.771, 111.553, 152.382, 217.497, 312.029, 324.195, 220.829, 460.216, 201.28, 319.691, 259.727, 389.411]
[4364.81, 148.019, 202.477, 333.538, 184.476, 387.623, 96.495, 151.193, 289.667, 303.486, 318.451, 243.316, 430.275, 201.657, 336.469, 263.519, 474.15]
[4176.61, 147.672, 203.579, 356.726, 189.455, 399.987, 96.612, 154.239, 212.527, 300.329, 320.171, 219.589, 431.374, 203.109, 308.988, 246.322, 385.931]
[4190.297, 149.511, 202.67, 334.896, 184.946, 389.043, 124.115, 150.308, 248.724, 300.888, 314.555, 217.742, 428.933, 200.654, 314.343, 257.461, 371.508]
[4312.798, 150.041, 205.619, 338.714, 186.961, 391.224, 95.345, 156.624, 209.654, 309.783, 337.545, 251.685, 425.828, 204.926, 336.161, 288.369, 424.319]
[4271.598, 148.291, 204.063, 323.497, 188.675, 398.023, 103.706, 151.411, 255.362, 299.782, 326.044, 223.224, 487.539, 200.594, 312.55, 289.617, 359.22]
[4290.715, 148.315, 207.437, 342.07, 187.836, 388.806, 123.403, 153.824, 217.185, 297.206, 333.746, 222.454, 435.554, 202.674, 336.002, 341.018, 353.187]
[4179.468, 149.491, 204.995, 334.766, 185.1, 395.537, 94.559, 150.199, 213.051, 304.395, 319.839, 224.527, 449.964, 200.645, 339.781, 262.269, 350.349]
[4492.419, 151.105, 203.015, 328.834, 184.591, 405.977, 104.766, 148.072, 227.482, 306.032, 336.56, 242.298, 462.912, 204.507, 308.944, 268.81, 608.515]
[4313.248, 148.132, 203.073, 334.2, 183.478, 383.035, 113.147, 151.792, 207.7, 303.393, 347.431, 218.747, 441.907, 200.956, 354.419, 258.702, 463.137]
[4277.407, 147.797, 204.587, 333.679, 186.244, 385.202, 100.412, 156.556, 243.013, 297.309, 345.965, 221.964, 444.697, 215.751, 326.156, 259.683, 408.392]
[4218.56, 149.507, 207.773, 320.505, 184.007, 388.396, 95.464, 150.748, 214.476, 326.321, 328.251, 216.797, 438.535, 202.826, 333.859, 258.019, 403.078]
[4170.722, 147.594, 201.751, 327.193, 185.092, 390.097, 117.865, 154.841, 213.9, 304.396, 322.758, 236.835, 430.78, 200.448, 307.846, 257.952, 371.377]
[4166.796, 148.555, 205.865, 337.839, 183.292, 397.434, 92.745, 156.974, 228.69, 297.781, 327.108, 224.368, 452.999, 200.726, 319.071, 242.004, 351.345]
[4321.494, 146.153, 203.025, 327.169, 184.521, 388.041, 102.331, 164.097, 218.051, 306.826, 363.488, 230.912, 474.468, 200.442, 323.097, 240.324, 448.551]
[4252.651, 147.705, 203.254, 325.229, 184.092, 397.665, 106.853, 168.937, 219.186, 312.879, 319.63, 220.03, 432.962, 200.579, 318.473, 266.372, 428.803]
[4269.954, 152.334, 208.505, 330.538, 184.491, 416.252, 105.652, 178.36, 220.665, 300.35, 341.226, 240.443, 451.103, 205.133, 342.509, 225.791, 366.603]
[4251.239, 148.079, 203.069, 331.11, 187.834, 390.539, 105.116, 161.765, 217.523, 299.827, 338.061, 229.955, 481.526, 200.941, 351.332, 244.101, 360.464]
[6381.376, 148.454, 204.633, 330.26, 187.313, 758.839, 600.196, 600.188, 601.081, 600.358, 1141.445, 239.596, 442.617, 202.027, 318.312, 263.244, 342.813]
[4275.357, 151.824, 202.87, 329.109, 189.318, 389.446, 95.578, 160.434, 218.736, 300.194, 327.3, 243.667, 459.522, 199.63, 330.938, 245.982, 430.81]
[4136.284, 149.658, 201.579, 332.64, 184.279, 397.02, 95.9, 147.426, 220.712, 297.458, 327.571, 227.521, 437.834, 204.627, 320.066, 224.143, 367.848]
